v_mean_m_per_s  p_from_bar  p_to_bar    t_from_k      t_to_k  \
0        0.024313   10.000000  7.000000  363.150000  308.605786   
1        0.024313   10.000000  7.000000  363.150000  308.605786   
2        0.012156    9.998216  7.003065  351.038848  300.950123   
3        0.012156    9.998216  7.003065  351.038848  300.950123   
4        0.012156    9.999310  7.001551  340.994588  290.876863   
5        0.024313    9.989159  7.013803  358.859197  308.805734   
6        0.024313    9.989159  7.013803  358.859197  308.805734   
7        0.024313    9.989159  7.013803  358.859197  308.805734   

   mdot_from_kg_per_s  mdot_to_kg_per_s  vdot_norm_m3_per_s     reynolds  \
0            0.047733         -0.047733            0.000048  2812.303492   
1            0.047733         -0.047733            0.000048  2812.303492   
2            0.023866         -0.023866            0.000024  1165.956817   
3            0.023866         -0.023866            0.000024  1165.956817   
4            0.023866         -0.023866            0.000024   980.985256   
5            0.047733         -0.047733            0.000048  2634.726948   
6            0.047733         -0.047733            0.000048  2634.726948   
7            0.047733         -0.047733            0.000048  2634.726948   

     lambda   deltat_k   qext_w  
0  0.040710  50.027228  10000.0  
1  0.040710  50.027228  10000.0  
2  0.072844  50.088725   5000.0  
3  0.072844  50.088725   5000.0  
4  0.083194  50.117725   5000.0  
5  0.042244  50.053463  10000.0  
6  0.042244  50.053463  10000.0  
7  0.042244  50.053463  10000.0  
      name  from_junction  to_junction   qext_w  controlled_mdot_kg_per_s  \
0   Sink_6              0            1  10000.0                  0.047733   
1   Sink_7              0            1  10000.0                  0.047733   
2   Sink_8              4            5   5000.0                  0.023866   
3   Sink_9              4            5   5000.0                  0.023866   
4  Sink_10              6            7   5000.0                  0.023866   
5  Sink_11              8            9  10000.0                  0.047733   
6  Sink_12              8            9  10000.0                  0.047733   
7  Sink_13              8            9  10000.0                  0.047733   

   deltat_k  treturn_k  diameter_m  in_service       type       x        y  
0       NaN        NaN        0.05        True  Rivitalot  2000.0  11000.0  
1       NaN        NaN        0.05        True  Rivitalot  2000.0  10000.0  
2       NaN        NaN        0.05        True  Rivitalot  3000.0   8000.0  
3       NaN        NaN        0.05        True  Rivitalot  3000.0   6000.0  
4       NaN        NaN        0.05        True  Rivitalot  3000.0   4000.0  
5       NaN        NaN        0.05        True  Rivitalot  3000.0   3000.0  
6       NaN        NaN        0.05        True  Rivitalot  3000.0   2000.0  
7       NaN        NaN        0.05        True  Rivitalot  3000.0   1000.0  
   mdot_flow_kg_per_s  deltap_bar
0            0.143198         3.0
1            0.167064         3.0
      name  return_junction  flow_junction  p_flow_bar  t_flow_k  plift_bar  \
0  Sarfvik                1              0        10.0    363.15        3.0   
1  Sarfvik                3              2        10.0    363.15        3.0   

   in_service type  mdot_flow_kg_per_s  
0        True   pt          190.055578  
1        True   pt          190.055578  
   v_mean_m_per_s  p_from_bar  p_to_bar    t_from_k      t_to_k  \
0        0.024313   10.000000  9.998216  363.150000  351.038848   
1        0.024313    7.003065  7.000000  300.950123  308.605786   
2        0.012156   10.000000  9.999310  363.150000  340.994588   
3        0.012156    7.001551  7.000000  290.876863  305.507215   
4        0.072939   10.000000  9.989159  363.150000  358.859197   
5        0.072939    7.013803  7.000000  308.805734  305.507215   

   mdot_from_kg_per_s  mdot_to_kg_per_s  vdot_norm_m3_per_s      reynolds  \
0            0.047733         -0.047733            0.000048   3599.126326   
1            0.047733         -0.047733            0.000048   1432.156224   
2            0.023866         -0.023866            0.000024   1681.553422   
3            0.023866         -0.023866            0.000024    578.795036   
4            0.143198         -0.143198            0.000143  11317.494431   
5            0.143198         -0.143198            0.000143   5094.350132   

     lambda  
0  0.037434  
1  0.064314  
2  0.057922  
3  0.130200  
4  0.025279  
5  0.032186  
   v_mean_m_per_s  p_from_bar  p_to_bar    t_from_k      t_to_k  \
0        0.024313   10.000000  9.998216  363.150000  351.038848   
1        0.024313    7.003065  7.000000  300.950123  308.605786   
2        0.012156   10.000000  9.999310  363.150000  340.994588   
3        0.012156    7.001551  7.000000  290.876863  305.507215   
4        0.072939   10.000000  9.989159  363.150000  358.859197   
5        0.072939    7.013803  7.000000  308.805734  305.507215   

   mdot_from_kg_per_s  mdot_to_kg_per_s  vdot_norm_m3_per_s      reynolds  \
0            0.047733         -0.047733            0.000048   3599.126326   
1            0.047733         -0.047733            0.000048   1432.156224   
2            0.023866         -0.023866            0.000024   1681.553422   
3            0.023866         -0.023866            0.000024    578.795036   
4            0.143198         -0.143198            0.000143  11317.494431   
5            0.143198         -0.143198            0.000143   5094.350132   

     lambda  
0  0.037434  
1  0.064314  
2  0.057922  
3  0.130200  
4  0.025279  
5  0.032186  
                   name  pn_bar  tfluid_k  height_m  in_service      type
0     Junction_1_supply    10.0    358.15       0.0        True  junction
1     Junction_1_return     8.0    308.15       0.0        True  junction
2     Junction_2_supply    10.0    358.15       0.0        True  junction
3     Junction_2_return     8.0    308.15       0.0        True  junction
4     Junction_3_supply    10.0    358.15       0.0        True  junction
5     Junction_3_return     8.0    308.15       0.0        True  junction
6     Junction_4_supply    10.0    358.15       0.0        True  junction
7     Junction_4_return     8.0    308.15       0.0        True  junction
8     Junction_5_supply    10.0    358.15       0.0        True  junction
9     Junction_5_return     8.0    308.15       0.0        True  junction
10  Ericsson_connection     8.0    308.15       0.0        True  junction
        p_bar         t_k
0   10.000000  363.150000
1    7.000000  308.605786
2   10.000000  363.150000
3    7.000000  305.507215
4    9.998216  351.038848
5    7.003065  300.950123
6    9.999310  340.994588
7    7.001551  290.876863
8    9.989159  358.859197
9    7.013803  308.805734
10   8.000000  308.150000