0       0.000000
1       0.326450
2       0.352104
3       0.252842
4       0.333350
5       0.306635
6       0.089177
7       0.311412
8       0.443229
9       0.255321
10      0.394038
11      0.514888
12      0.453489
13      0.400589
14      0.485694
15      0.074314
16      0.501974
17      0.302208
18      0.155528
19      0.214093
20      0.037157
21      3.804160
22      0.318488
23      0.063698
24      0.939539
25      0.339720
26      0.026541
27      0.058389
28      0.021233
29      0.047773
30      0.031849
31      0.026541
32      0.021233
33      0.031849
34      0.139779
35      0.031849
36      4.405747
37      0.636975
38      0.578586
39      0.368028
40      0.323796
41      0.888225
42      0.031849
43      0.599819
44      0.138011
45      0.169860
46      0.063698
47      0.429958
48      0.431726
49      0.058389
50      0.458267
51      0.026541
52      0.031849
53      0.021233
54      0.031849
55      0.037157
56      0.467115
57      0.021233
58      0.555586
59      0.037157
60      0.021233
61      0.026541
62      0.026541
63      0.031849
64      0.053081
65      0.426418
66      0.037157
67      0.472423
68      0.826300
69      0.463575
70      0.042465
71      0.026541
72      0.026541
73      0.247714
74      0.435267
75      0.553813
76      0.373337
77      0.382185
78      0.210558
79      0.521964
80      0.813911
81      0.598051
82      1.433195
83      0.161011
84      0.723673
85      0.288407
86      0.026541
87      0.483040
88      0.058389
89      0.042465
90      0.037157
91      0.026541
92      0.037157
93      0.026541
94      0.026541
95      0.010616
96      0.047773
97      0.026541
98      0.026541
99      0.021233
100     0.031849
101     0.026541
102     0.026541
103     1.337648
104     0.884690
105     0.364493
106     0.164552
107     0.031849
108     0.359185
109     0.399877
110     0.415802
111     0.481272
112     0.307871
113     1.001469
114     0.293715
115     0.442342
116     2.208181
117     0.343261
118     0.562662
119     0.976696
120     0.368028
121     1.875537
122     0.058389
123     0.037157
124     0.042465
125     0.444115
126     0.426418
127     2.424047
128     0.569737
129     0.760830
130     0.145087
131     0.612202
132     0.536121
133     0.707749
134     0.573278
135     0.513121
136     0.411380
137     0.513121
138     0.511348
139     0.389261
140     0.557353
141     0.058389
142     0.084930
143     2.128559
144     0.605127
145     1.258026
146     0.256558
147     1.095242
148     0.982004
149     1.857845
150     1.054550
151     0.394569
152     0.606894
153     0.417575
154     0.665284
155     0.796219
156     0.127395
157     0.498964
158     0.178709
159     0.470656
160     0.454731
161     0.288407
162     0.491888
163     0.093779
164     0.778527
165     0.953696
166     0.180476
167     0.548505
168     0.583894
169     0.074314
170     0.707749
171     0.389261
172     0.564429
173     0.877609
174     0.217633
175     0.569737
176     0.426418
177     1.134172
178     0.707749
179     0.610435
180     2.362117
181     0.918306
182     0.530813
183     0.387493
184     0.705981
185     0.631667
186     0.576818
187     0.309639
188     0.058389
189     0.031849
190     0.053081
191     0.383953
192     0.649359
193     0.031849
194     0.079622
195     0.513121
196     0.058389
197     0.053081
198     0.244174
199     0.270715
200     0.095546
201     0.069006
202     0.079622
203     0.069006
204     0.047773
205     0.026541
206     0.053081
207     0.507813
208     0.063698
209     0.037157
210     0.058389
211     0.063698
212     0.973155
213     0.037157
214     0.031849
215     0.047773
216    14.508883
217     0.042465
218     0.675900
219     1.539357
220     0.058389
221     0.396342
222     0.063698
223     0.053081
224     0.042465
225     0.743138
226     0.053081
227     0.046356
228     0.060157
229     0.058389
230     0.366261
231     0.383953
232     0.520197
233     0.527272
234     0.514888
235     0.444115
236     0.063698
237     0.047773
238     0.295488
239     0.031849
240     0.037157
241     0.090238
242     0.042465
243     0.276023
244     0.104395
245     0.428191
246     0.667057
247     0.042465
248     0.479499
249     0.053081
250     0.042465
251     0.042465
252     0.063698
253     0.031849
254     0.730754
255     0.299023
256     0.037157
257     0.047773
258     0.244174
259     0.058389
260     0.433499
261     0.031849
262     0.053081
263     0.084930
264     0.042465
265     0.031849
266     0.611321
267     0.716597
268     0.031849
269     0.559121
270     0.063698
271     0.042465
272     0.069006
273     0.702441
274     0.299023
275     0.063698
276     0.840452
277     3.644917
278     0.058389
279     0.058389
280     0.261866
281     0.483040
282     0.483040
283     0.047773
284     0.329104
285     0.435267
286     0.596278
287     0.447831
288     0.281331
289     0.948387
290     0.053081
291     0.058389
292     0.401172
293     2.795616
294     0.293715
295     0.766138
296     0.047773
297     0.139779
298     0.042465
299     1.166021
300     0.513121
301     0.226482
302     0.042465
303     0.042465
304     0.465348
305     0.433499
306     0.293715
307     0.069006
308     0.744906
309     0.079622
310     0.042465
311     0.192860
312     0.042465
313     0.047773
314     0.451191
315     0.047773
316     0.295488
317     0.175699
318     2.689453
319     0.555586
320     0.684749
321     0.937771
322     0.603359
323     0.153936
324     0.610435
325     0.031849
326     0.369801
327     0.451191
328     0.329104
329     0.406958
330     0.369801
331     0.262577
332     0.047773
333     3.697998
334     0.077854
335     0.299023
336     0.440575
337     0.797987
338     0.472423
339     0.360953
340     0.743138
341     0.307871
342     0.437034
343     0.111471
344     1.059858
345     0.764370
346     0.513121
347     0.299023
348     0.261866
349     0.589202
350     0.654667
351     0.490115
352     0.559121
353     0.725446
354     0.060157
355     0.578586
356     0.313180
357     0.475964
358     0.235325
359     1.365957
360     1.355340
361     0.684749
362     0.325563
363     0.449423
364     0.601586
365     0.309639
366     0.582127
367     1.762299
368     0.313180
369     1.020928
370     0.031849
371     0.283098
372     2.776151
373     1.176637
374     0.157476
375     0.405185
376     0.217633
377     0.481272
378     0.366261
379     0.552045
380     0.598051
381     1.256259
382     0.159244
383     0.713057
384     0.265406
385     0.760830
386     0.513121
387     0.037157
388     0.021233
389     0.037157
390     0.291947
391     0.888225
392     0.424650
393     0.373337
394     0.368740
395     0.467821
396     0.113238
397     0.573278
398     0.226482
399     0.849301
400     0.355645
401     0.435267
402     0.304331
403     0.601586
404     0.638743
405     3.306964
406     0.458267
407     0.802233
408     0.479499
409     0.530813
410     0.364493
411     2.034781
412     0.000000
413     0.339720
414     0.504272
415     0.500732
416     0.237098
417     0.031849
418     0.337953
419     0.576818
420     0.194633
421     0.178709
422     0.042465
423     0.405185
424     0.304331
425     0.778527
426     0.026541
427     0.037157
428     0.026541
429     0.047773
430     0.047773
431     0.042465
432     0.026541
433     0.021233
434     0.026541
435     0.053081
436     0.037157
437     0.228250
438     1.856077
439     0.444115
440     0.047773
441     0.047773
442     0.042465
443     0.021233
444     0.031849
445     0.021233
446     0.021233
447     0.026541
448     0.031849
449     0.026541
450     0.031849
451     0.037157
452     0.026541
453     0.026541
454     0.031849
455     0.031849
456     0.031849
457     0.010616
458     0.053081
459     0.053081
460     0.015924
461     0.021233
462     0.442342
463     0.350336
464     0.281331
465     0.442342
466     0.021233
467     0.026541
468     0.031849
469     0.031849
470     0.449423
471     0.398110
472     0.260098
473     0.277790
474     0.074314
475     0.290179
476     0.337953
477     3.538754
478     0.916539
479     0.304331
480     0.546737
481     0.047773
482     0.021233
483     0.042465
484     0.047773
485     0.920074
486     0.199941
487     0.231790
488     1.178405
489     0.451191
490     0.230017
491     0.424369
492     0.847533
493     0.037157
494     0.053081
495     0.460040
Name: mdot_from_kg_per_s, dtype: float64